1.4751250743865967
1.4537551403045654
1.4505410194396973
1.4583790302276611
1.4861829280853271
1.482079029083252
1.4609191417694092
1.4478099346160889
1.4670467376708984
1.4694929122924805
1.4583988189697266
1.4484460353851318
1.4776971340179443
1.5937690734863281
1.69563889503479
1.8466072082519531
1.715108871459961
1.6208882331848145
1.45912504196167
1.451092004776001
1.4542567729949951
1.4998488426208496
1.5274147987365723
1.4486479759216309
1.5290896892547607
1.4565670490264893
1.457340955734253
1.4889109134674072
1.4683997631072998
1.4262309074401855
1.4609429836273193
1.41823410987854
1.513592004776001
1.5151209831237793
1.4542558193206787
1.4565882682800293
1.508387804031372
1.4582860469818115
1.4806599617004395
1.4732451438903809
1.4527130126953125
1.5327582359313965
1.4398131370544434
1.477524995803833
1.4401600360870361
1.4646220207214355
1.4467530250549316
1.5390729904174805
1.4562318325042725
1.4512581825256348
