0.066741943359375
0.06110095977783203
0.060726165771484375
0.061543941497802734
0.06195998191833496
0.0604860782623291
0.061554908752441406
0.06183195114135742
0.06283712387084961
0.06123495101928711
0.06170773506164551
0.05975604057312012
0.07561492919921875
0.06098198890686035
0.06002473831176758
0.06145477294921875
0.0663301944732666
0.06693196296691895
0.06077003479003906
0.061447858810424805
0.05974602699279785
0.06336307525634766
0.06109499931335449
0.060872793197631836
0.060652971267700195
0.06081199645996094
0.05940699577331543
0.060089111328125
0.059638023376464844
0.06567096710205078
0.06177115440368652
0.06209897994995117
0.061429738998413086
0.06049799919128418
0.06306314468383789
0.06218409538269043
0.061615943908691406
0.061273813247680664
0.061467885971069336
0.06187319755554199
0.06053018569946289
0.06096792221069336
0.06113696098327637
0.06088399887084961
0.061409950256347656
0.06724119186401367
0.06047797203063965
0.06068778038024902
0.05998706817626953
0.05958819389343262
