104.51844000816345
107.52055978775024
106.52015399932861
106.52406597137451
106.9682400226593
106.5973949432373
107.2133457660675
107.35025906562805
107.61029815673828
107.57579183578491
108.19905376434326
107.27798104286194
106.33869171142578
106.74639582633972
106.86008310317993
107.11555194854736
107.35181283950806
106.77724599838257
106.33493709564209
107.45309472084045
107.25313401222229
107.29391598701477
107.15822124481201
107.04386615753174
106.64183187484741
106.29089307785034
106.64777612686157
106.91201400756836
107.00178909301758
107.04664397239685
106.57769584655762
107.79045009613037
107.3967616558075
107.35373997688293
106.82119703292847
107.09130334854126
106.44392275810242
108.03025889396667
107.37615418434143
106.87655711174011
107.41176986694336
107.05111503601074
106.69520282745361
106.99453687667847
107.16656184196472
107.6388418674469
106.6353280544281
108.99017286300659
108.04363584518433
106.80765986442566
