24.692780017852783
24.562618017196655
24.792248010635376
24.847918033599854
24.66541600227356
24.60942792892456
24.774693727493286
25.080403089523315
24.629909992218018
24.795459747314453
24.597933769226074
24.890570878982544
24.654563188552856
25.001566410064697
25.111561059951782
24.70866823196411
24.417140007019043
24.487865924835205
24.295939922332764
24.18490171432495
24.298083782196045
23.892732858657837
23.894572019577026
23.707857847213745
24.030555248260498
24.357240200042725
24.617647171020508
25.06063961982727
24.68777871131897
24.860233783721924
24.651453256607056
24.819740295410156
24.376975297927856
23.709627151489258
23.831107139587402
23.943474292755127
24.330368995666504
24.265273094177246
24.922815084457397
24.272547245025635
25.093968152999878
24.556347846984863
24.479827880859375
24.663679838180542
25.02704691886902
24.341718912124634
24.707154989242554
23.361910104751587
24.699624061584473
23.872995853424072
